nb_epoch,loss,val_loss,mean_iou,val_mean_iou
0,0.03921450302004814,0.015780366957187653,0.12318582087755203,0.4685978293418884
1,0.014525615610182285,0.012395929545164108,0.5826961398124695,0.7241785526275635
2,0.01107114553451538,0.005624719895422459,0.6251205205917358,0.6774107813835144
3,0.009234541095793247,0.006362137850373983,0.6492489576339722,0.6295137405395508
4,0.007959886454045773,0.005823682527989149,0.6308838129043579,0.7547896504402161
5,0.00746105145663023,0.006648555397987366,0.642358660697937,0.7587270736694336
6,0.007010472007095814,0.010812107473611832,0.6611003279685974,0.7016419768333435
7,0.0074334400705993176,0.008679340593516827,0.6991661190986633,0.7283337712287903
8,0.006235824897885323,0.0034989218693226576,0.7149285078048706,0.7921718955039978
9,0.00655789952725172,0.004695340059697628,0.7267813682556152,0.7367268204689026
10,0.005611608270555735,0.003670686623081565,0.7208921313285828,0.8130215406417847
11,0.0052294014021754265,0.003601079573854804,0.7461789846420288,0.7267987132072449
12,0.005645917262881994,0.0026015641633421183,0.7527033686637878,0.7329753041267395
13,0.005738778039813042,0.003607060993090272,0.7783029675483704,0.7121025919914246
14,0.005076732486486435,0.003565463237464428,0.782149076461792,0.7835309505462646
15,0.004900064319372177,0.007660983130335808,0.7793903350830078,0.6531237959861755
16,0.0043089548125863075,0.003929798491299152,0.8150851726531982,0.8158684372901917
17,0.004787417594343424,0.003787090303376317,0.8002322912216187,0.8379961848258972
18,0.004905020352452993,0.0036235766019672155,0.8136842250823975,0.8657193779945374
19,0.004703247919678688,0.003619183786213398,0.8167880177497864,0.8505567908287048
20,0.004506018944084644,0.0031578154303133488,0.8193302750587463,0.8179726004600525
21,0.003310982370749116,0.0033951441291719675,0.8364741802215576,0.8713636994361877
22,0.004124923143535852,0.0017706527141854167,0.8272947669029236,0.8088001012802124
23,0.002951987087726593,0.0032578210812062025,0.8266175985336304,0.8627371191978455
24,0.0035176104865968227,0.0036593724507838488,0.8456233143806458,0.7968567609786987
25,0.004665232729166746,0.0021171956323087215,0.8239621520042419,0.823330819606781
26,0.0036039992701262236,0.0032191588543355465,0.8400222063064575,0.8028267621994019
27,0.004843547008931637,0.0030399742536246777,0.8417414426803589,0.8419359922409058
28,0.0033391716424375772,0.0021301661618053913,0.8576363325119019,0.8926038146018982
29,0.0038751023821532726,0.0026781049091368914,0.8512540459632874,0.7397875189781189
30,0.0036651394329965115,0.0020686397328972816,0.83771151304245,0.8204939365386963
31,0.004270775709301233,0.002191956387832761,0.8600596189498901,0.7929538488388062
32,0.0034386611077934504,0.002343753119930625,0.8625174760818481,0.9032318592071533
33,0.0035649631172418594,0.003147479612380266,0.8405705690383911,0.8766264319419861
34,0.003333957865834236,0.0031929390970617533,0.8629850149154663,0.8942290544509888
35,0.0036307629197835922,0.004297549370676279,0.8465462327003479,0.8964719176292419
36,0.0030978780705481768,0.002989858156070113,0.8582901358604431,0.8841801285743713
37,0.0034958375617861748,0.003038103226572275,0.8520256876945496,0.6647875905036926
38,0.003460150444880128,0.003201659768819809,0.8533751964569092,0.786078155040741
39,0.004402481950819492,0.0019454173743724823,0.8386794328689575,0.896084189414978
